precision:0.8132571199358204
recall:0.5982796270066101
f1_score:0.6893978033935191.