precision:0.9096994289149385
recall:0.893109655335222
f1_score:0.9013282110843088.