precision:0.9149375339489407
recall:0.8946883852691218
f1_score:0.9046996687852473.