precision:0.8580778870252557
recall:0.7880400141643061
f1_score:0.8215689893862483.