precision:0.8729020664869724
recall:0.8600743626062326
f1_score:0.8664407384286099.