precision:0.9045432634369728
recall:0.8859655335221908
f1_score:0.8951580202742994.