precision:0.8568966621820746
recall:0.7893826723323892
f1_score:0.8217552913709951.