precision:0.856039261723081
recall:0.7746488432483476
f1_score:0.8133128853363076.