precision:0.9048318318318318
recall:0.8891318460812087
f1_score:0.8969131392510566.