precision:0.875398550724638
recall:0.8555594900849861
f1_score:0.8653653295128944.