precision:0.9443017470785606
recall:0.9156961741276787
f1_score:0.9297789929368877.