precision:0.8755246235246235
recall:0.8619688737157603
f1_score:0.868693868320734.