precision:0.9451213898042257
recall:0.9378047314516517
f1_score:0.9414488451234524.