precision:0.9495930065921467
recall:0.9292970941321664
f1_score:0.9393354313742167.