precision:0.8930855657460662
recall:0.8287569521245051
f1_score:0.8597195896515029.