precision:0.8378175250524352
recall:0.6914603067750156
f1_score:0.7576354679802955.