precision:0.9492150841419973
recall:0.9289272491224696
f1_score:0.9389615912708538.