precision:0.9427207833279939
recall:0.9197159846772771
f1_score:0.9310763064915888.