precision:0.9162903584397619
recall:0.8917716497571766
f1_score:0.9038647578434359.