precision:0.8979987684729063
recall:0.8414771361254025
f1_score:0.8688196599230481.