precision:0.9483853782476847
recall:0.9273172412687728
f1_score:0.9377329897241403.