precision:0.9411721674595
recall:0.922798560689843
f1_score:0.9318948075491242.