precision:0.9133099208395754
recall:0.8940969050023241
f1_score:0.9036012942467573.