precision:0.9439513396472786
recall:0.9153563815293873
f1_score:0.9294339745467566.