precision:0.8753581603581603
recall:0.8618049878988956
f1_score:0.8685287038831815.