precision:0.9492633992548007
recall:0.9289745315830809
f1_score:0.9390093844801678.