precision:0.9464083733255773
recall:0.9387632030260775
f1_score:0.9425702859717731.